deque([[[0, 0, 2, 6, 4]]])
deque([[[0, 0, 2, 6, 4], [1, 2, 0, 6, 4]], [[0, 0, 2, 6, 4], [2, 5, 2, 1, 4]], [[0, 0, 2, 6, 4], [3, 4, 2, 6, 0]]])
deque([[[0, 0, 2, 6, 4], [2, 5, 2, 1, 4]], [[0, 0, 2, 6, 4], [3, 4, 2, 6, 0]], [[0, 0, 2, 6, 4], [1, 2, 0, 6, 4], [2, 5, 0, 3, 4]], [[0, 0, 2, 6, 4], [1, 2, 0, 6, 4], [3, 5, 0, 6, 1]]])
deque([[[0, 0, 2, 6, 4], [3, 4, 2, 6, 0]], [[0, 0, 2, 6, 4], [1, 2, 0, 6, 4], [2, 5, 0, 3, 4]], [[0, 0, 2, 6, 4], [2, 5, 2, 1, 4], [0, 0, 2, 1, 4]], [[0, 0, 2, 6, 4], [1, 2, 0, 6, 4], [3, 5, 0, 6, 1]]])
deque([[[0, 0, 2, 6, 4], [1, 2, 0, 6, 4], [2, 5, 0, 3, 4]], [[0, 0, 2, 6, 4], [2, 5, 2, 1, 4], [0, 0, 2, 1, 4]], [[0, 0, 2, 6, 4], [3, 4, 2, 6, 0], [2, 5, 2, 5, 0]], [[0, 0, 2, 6, 4], [1, 2, 0, 6, 4], [3, 5, 0, 6, 1]], [[0, 0, 2, 6, 4], [3, 4, 2, 6, 0], [1, 5, 1, 6, 0]]])
deque([[[0, 0, 2, 6, 4], [2, 5, 2, 1, 4], [0, 0, 2, 1, 4]], [[0, 0, 2, 6, 4], [3, 4, 2, 6, 0], [2, 5, 2, 5, 0]], [[0, 0, 2, 6, 4], [1, 2, 0, 6, 4], [2, 5, 0, 3, 4], [0, 0, 0, 3, 4]], [[0, 0, 2, 6, 4], [1, 2, 0, 6, 4], [3, 5, 0, 6, 1]], [[0, 0, 2, 6, 4], [3, 4, 2, 6, 0], [1, 5, 1, 6, 0]]])
deque([[[0, 0, 2, 6, 4], [3, 4, 2, 6, 0], [2, 5, 2, 5, 0]], [[0, 0, 2, 6, 4], [1, 2, 0, 6, 4], [2, 5, 0, 3, 4], [0, 0, 0, 3, 4]], [[0, 0, 2, 6, 4], [2, 5, 2, 1, 4], [0, 0, 2, 1, 4], [1, 2, 0, 1, 4]], [[0, 0, 2, 6, 4], [2, 5, 2, 1, 4], [0, 0, 2, 1, 4], [2, 1, 2, 0, 4]], [[0, 0, 2, 6, 4], [2, 5, 2, 1, 4], [0, 0, 2, 1, 4], [3, 4, 2, 1, 0]], [[0, 0, 2, 6, 4], [1, 2, 0, 6, 4], [3, 5, 0, 6, 1]], [[0, 0, 2, 6, 4], [3, 4, 2, 6, 0], [1, 5, 1, 6, 0]]])
deque([[[0, 0, 2, 6, 4], [1, 2, 0, 6, 4], [2, 5, 0, 3, 4], [0, 0, 0, 3, 4]], [[0, 0, 2, 6, 4], [2, 5, 2, 1, 4], [0, 0, 2, 1, 4], [1, 2, 0, 1, 4]], [[0, 0, 2, 6, 4], [2, 5, 2, 1, 4], [0, 0, 2, 1, 4], [2, 1, 2, 0, 4]], [[0, 0, 2, 6, 4], [2, 5, 2, 1, 4], [0, 0, 2, 1, 4], [3, 4, 2, 1, 0]], [[0, 0, 2, 6, 4], [3, 4, 2, 6, 0], [2, 5, 2, 5, 0], [0, 0, 2, 5, 0]], [[0, 0, 2, 6, 4], [1, 2, 0, 6, 4], [3, 5, 0, 6, 1]], [[0, 0, 2, 6, 4], [3, 4, 2, 6, 0], [1, 5, 1, 6, 0]]])
deque([[[0, 0, 2, 6, 4], [2, 5, 2, 1, 4], [0, 0, 2, 1, 4], [1, 2, 0, 1, 4]], [[0, 0, 2, 6, 4], [2, 5, 2, 1, 4], [0, 0, 2, 1, 4], [2, 1, 2, 0, 4]], [[0, 0, 2, 6, 4], [2, 5, 2, 1, 4], [0, 0, 2, 1, 4], [3, 4, 2, 1, 0]], [[0, 0, 2, 6, 4], [3, 4, 2, 6, 0], [2, 5, 2, 5, 0], [0, 0, 2, 5, 0]], [[0, 0, 2, 6, 4], [1, 2, 0, 6, 4], [2, 5, 0, 3, 4], [0, 0, 0, 3, 4], [2, 3, 0, 0, 4]], [[0, 0, 2, 6, 4], [1, 2, 0, 6, 4], [2, 5, 0, 3, 4], [0, 0, 0, 3, 4], [3, 4, 0, 3, 0]], [[0, 0, 2, 6, 4], [1, 2, 0, 6, 4], [3, 5, 0, 6, 1]], [[0, 0, 2, 6, 4], [3, 4, 2, 6, 0], [1, 5, 1, 6, 0]]])
deque([[[0, 0, 2, 6, 4], [2, 5, 2, 1, 4], [0, 0, 2, 1, 4], [2, 1, 2, 0, 4]], [[0, 0, 2, 6, 4], [2, 5, 2, 1, 4], [0, 0, 2, 1, 4], [3, 4, 2, 1, 0]], [[0, 0, 2, 6, 4], [3, 4, 2, 6, 0], [2, 5, 2, 5, 0], [0, 0, 2, 5, 0]], [[0, 0, 2, 6, 4], [1, 2, 0, 6, 4], [2, 5, 0, 3, 4], [0, 0, 0, 3, 4], [2, 3, 0, 0, 4]], [[0, 0, 2, 6, 4], [1, 2, 0, 6, 4], [2, 5, 0, 3, 4], [0, 0, 0, 3, 4], [3, 4, 0, 3, 0]], [[0, 0, 2, 6, 4], [2, 5, 2, 1, 4], [0, 0, 2, 1, 4], [1, 2, 0, 1, 4], [2, 3, 0, 0, 4]], [[0, 0, 2, 6, 4], [1, 2, 0, 6, 4], [3, 5, 0, 6, 1]], [[0, 0, 2, 6, 4], [3, 4, 2, 6, 0], [1, 5, 1, 6, 0]], [[0, 0, 2, 6, 4], [2, 5, 2, 1, 4], [0, 0, 2, 1, 4], [1, 2, 0, 1, 4], [3, 5, 0, 1, 1]]])
deque([[[0, 0, 2, 6, 4], [2, 5, 2, 1, 4], [0, 0, 2, 1, 4], [3, 4, 2, 1, 0]], [[0, 0, 2, 6, 4], [3, 4, 2, 6, 0], [2, 5, 2, 5, 0], [0, 0, 2, 5, 0]], [[0, 0, 2, 6, 4], [1, 2, 0, 6, 4], [2, 5, 0, 3, 4], [0, 0, 0, 3, 4], [2, 3, 0, 0, 4]], [[0, 0, 2, 6, 4], [1, 2, 0, 6, 4], [2, 5, 0, 3, 4], [0, 0, 0, 3, 4], [3, 4, 0, 3, 0]], [[0, 0, 2, 6, 4], [2, 5, 2, 1, 4], [0, 0, 2, 1, 4], [1, 2, 0, 1, 4], [2, 3, 0, 0, 4]], [[0, 0, 2, 6, 4], [2, 5, 2, 1, 4], [0, 0, 2, 1, 4], [2, 1, 2, 0, 4], [1, 3, 0, 0, 4]], [[0, 0, 2, 6, 4], [2, 5, 2, 1, 4], [0, 0, 2, 1, 4], [2, 1, 2, 0, 4], [3, 5, 2, 0, 0]], [[0, 0, 2, 6, 4], [1, 2, 0, 6, 4], [3, 5, 0, 6, 1]], [[0, 0, 2, 6, 4], [3, 4, 2, 6, 0], [1, 5, 1, 6, 0]], [[0, 0, 2, 6, 4], [2, 5, 2, 1, 4], [0, 0, 2, 1, 4], [1, 2, 0, 1, 4], [3, 5, 0, 1, 1]]])
deque([[[0, 0, 2, 6, 4], [3, 4, 2, 6, 0], [2, 5, 2, 5, 0], [0, 0, 2, 5, 0]], [[0, 0, 2, 6, 4], [1, 2, 0, 6, 4], [2, 5, 0, 3, 4], [0, 0, 0, 3, 4], [2, 3, 0, 0, 4]], [[0, 0, 2, 6, 4], [1, 2, 0, 6, 4], [2, 5, 0, 3, 4], [0, 0, 0, 3, 4], [3, 4, 0, 3, 0]], [[0, 0, 2, 6, 4], [2, 5, 2, 1, 4], [0, 0, 2, 1, 4], [1, 2, 0, 1, 4], [2, 3, 0, 0, 4]], [[0, 0, 2, 6, 4], [2, 5, 2, 1, 4], [0, 0, 2, 1, 4], [2, 1, 2, 0, 4], [1, 3, 0, 0, 4]], [[0, 0, 2, 6, 4], [2, 5, 2, 1, 4], [0, 0, 2, 1, 4], [2, 1, 2, 0, 4], [3, 5, 2, 0, 0]], [[0, 0, 2, 6, 4], [2, 5, 2, 1, 4], [0, 0, 2, 1, 4], [3, 4, 2, 1, 0], [2, 5, 2, 0, 0]], [[0, 0, 2, 6, 4], [1, 2, 0, 6, 4], [3, 5, 0, 6, 1]], [[0, 0, 2, 6, 4], [3, 4, 2, 6, 0], [1, 5, 1, 6, 0]], [[0, 0, 2, 6, 4], [2, 5, 2, 1, 4], [0, 0, 2, 1, 4], [1, 2, 0, 1, 4], [3, 5, 0, 1, 1]], [[0, 0, 2, 6, 4], [2, 5, 2, 1, 4], [0, 0, 2, 1, 4], [3, 4, 2, 1, 0], [1, 5, 1, 1, 0]]])
deque([[[0, 0, 2, 6, 4], [1, 2, 0, 6, 4], [2, 5, 0, 3, 4], [0, 0, 0, 3, 4], [2, 3, 0, 0, 4]], [[0, 0, 2, 6, 4], [1, 2, 0, 6, 4], [2, 5, 0, 3, 4], [0, 0, 0, 3, 4], [3, 4, 0, 3, 0]], [[0, 0, 2, 6, 4], [2, 5, 2, 1, 4], [0, 0, 2, 1, 4], [1, 2, 0, 1, 4], [2, 3, 0, 0, 4]], [[0, 0, 2, 6, 4], [2, 5, 2, 1, 4], [0, 0, 2, 1, 4], [2, 1, 2, 0, 4], [1, 3, 0, 0, 4]], [[0, 0, 2, 6, 4], [2, 5, 2, 1, 4], [0, 0, 2, 1, 4], [2, 1, 2, 0, 4], [3, 5, 2, 0, 0]], [[0, 0, 2, 6, 4], [2, 5, 2, 1, 4], [0, 0, 2, 1, 4], [3, 4, 2, 1, 0], [2, 5, 2, 0, 0]], [[0, 0, 2, 6, 4], [3, 4, 2, 6, 0], [2, 5, 2, 5, 0], [0, 0, 2, 5, 0], [1, 2, 0, 5, 0]], [[0, 0, 2, 6, 4], [3, 4, 2, 6, 0], [2, 5, 2, 5, 0], [0, 0, 2, 5, 0], [2, 5, 2, 0, 0]], [[0, 0, 2, 6, 4], [1, 2, 0, 6, 4], [3, 5, 0, 6, 1]], [[0, 0, 2, 6, 4], [3, 4, 2, 6, 0], [1, 5, 1, 6, 0]], [[0, 0, 2, 6, 4], [2, 5, 2, 1, 4], [0, 0, 2, 1, 4], [1, 2, 0, 1, 4], [3, 5, 0, 1, 1]], [[0, 0, 2, 6, 4], [2, 5, 2, 1, 4], [0, 0, 2, 1, 4], [3, 4, 2, 1, 0], [1, 5, 1, 1, 0]]])
deque([[[0, 0, 2, 6, 4], [1, 2, 0, 6, 4], [2, 5, 0, 3, 4], [0, 0, 0, 3, 4], [3, 4, 0, 3, 0]], [[0, 0, 2, 6, 4], [2, 5, 2, 1, 4], [0, 0, 2, 1, 4], [1, 2, 0, 1, 4], [2, 3, 0, 0, 4]], [[0, 0, 2, 6, 4], [2, 5, 2, 1, 4], [0, 0, 2, 1, 4], [2, 1, 2, 0, 4], [1, 3, 0, 0, 4]], [[0, 0, 2, 6, 4], [2, 5, 2, 1, 4], [0, 0, 2, 1, 4], [2, 1, 2, 0, 4], [3, 5, 2, 0, 0]], [[0, 0, 2, 6, 4], [2, 5, 2, 1, 4], [0, 0, 2, 1, 4], [3, 4, 2, 1, 0], [2, 5, 2, 0, 0]], [[0, 0, 2, 6, 4], [3, 4, 2, 6, 0], [2, 5, 2, 5, 0], [0, 0, 2, 5, 0], [1, 2, 0, 5, 0]], [[0, 0, 2, 6, 4], [3, 4, 2, 6, 0], [2, 5, 2, 5, 0], [0, 0, 2, 5, 0], [2, 5, 2, 0, 0]], [[0, 0, 2, 6, 4], [1, 2, 0, 6, 4], [3, 5, 0, 6, 1]], [[0, 0, 2, 6, 4], [3, 4, 2, 6, 0], [1, 5, 1, 6, 0]], [[0, 0, 2, 6, 4], [2, 5, 2, 1, 4], [0, 0, 2, 1, 4], [1, 2, 0, 1, 4], [3, 5, 0, 1, 1]], [[0, 0, 2, 6, 4], [2, 5, 2, 1, 4], [0, 0, 2, 1, 4], [3, 4, 2, 1, 0], [1, 5, 1, 1, 0]], [[0, 0, 2, 6, 4], [1, 2, 0, 6, 4], [2, 5, 0, 3, 4], [0, 0, 0, 3, 4], [2, 3, 0, 0, 4], [3, 5, 0, 0, 2]]])
deque([[[0, 0, 2, 6, 4], [2, 5, 2, 1, 4], [0, 0, 2, 1, 4], [1, 2, 0, 1, 4], [2, 3, 0, 0, 4]], [[0, 0, 2, 6, 4], [2, 5, 2, 1, 4], [0, 0, 2, 1, 4], [2, 1, 2, 0, 4], [1, 3, 0, 0, 4]], [[0, 0, 2, 6, 4], [2, 5, 2, 1, 4], [0, 0, 2, 1, 4], [2, 1, 2, 0, 4], [3, 5, 2, 0, 0]], [[0, 0, 2, 6, 4], [2, 5, 2, 1, 4], [0, 0, 2, 1, 4], [3, 4, 2, 1, 0], [2, 5, 2, 0, 0]], [[0, 0, 2, 6, 4], [3, 4, 2, 6, 0], [2, 5, 2, 5, 0], [0, 0, 2, 5, 0], [1, 2, 0, 5, 0]], [[0, 0, 2, 6, 4], [3, 4, 2, 6, 0], [2, 5, 2, 5, 0], [0, 0, 2, 5, 0], [2, 5, 2, 0, 0]], [[0, 0, 2, 6, 4], [1, 2, 0, 6, 4], [3, 5, 0, 6, 1]], [[0, 0, 2, 6, 4], [3, 4, 2, 6, 0], [1, 5, 1, 6, 0]], [[0, 0, 2, 6, 4], [2, 5, 2, 1, 4], [0, 0, 2, 1, 4], [1, 2, 0, 1, 4], [3, 5, 0, 1, 1]], [[0, 0, 2, 6, 4], [2, 5, 2, 1, 4], [0, 0, 2, 1, 4], [3, 4, 2, 1, 0], [1, 5, 1, 1, 0]], [[0, 0, 2, 6, 4], [1, 2, 0, 6, 4], [2, 5, 0, 3, 4], [0, 0, 0, 3, 4], [2, 3, 0, 0, 4], [3, 5, 0, 0, 2]], [[0, 0, 2, 6, 4], [1, 2, 0, 6, 4], [2, 5, 0, 3, 4], [0, 0, 0, 3, 4], [3, 4, 0, 3, 0], [2, 5, 0, 2, 0]]])
deque([[[0, 0, 2, 6, 4], [2, 5, 2, 1, 4], [0, 0, 2, 1, 4], [2, 1, 2, 0, 4], [1, 3, 0, 0, 4]], [[0, 0, 2, 6, 4], [2, 5, 2, 1, 4], [0, 0, 2, 1, 4], [2, 1, 2, 0, 4], [3, 5, 2, 0, 0]], [[0, 0, 2, 6, 4], [2, 5, 2, 1, 4], [0, 0, 2, 1, 4], [3, 4, 2, 1, 0], [2, 5, 2, 0, 0]], [[0, 0, 2, 6, 4], [3, 4, 2, 6, 0], [2, 5, 2, 5, 0], [0, 0, 2, 5, 0], [1, 2, 0, 5, 0]], [[0, 0, 2, 6, 4], [3, 4, 2, 6, 0], [2, 5, 2, 5, 0], [0, 0, 2, 5, 0], [2, 5, 2, 0, 0]], [[0, 0, 2, 6, 4], [1, 2, 0, 6, 4], [3, 5, 0, 6, 1]], [[0, 0, 2, 6, 4], [3, 4, 2, 6, 0], [1, 5, 1, 6, 0]], [[0, 0, 2, 6, 4], [2, 5, 2, 1, 4], [0, 0, 2, 1, 4], [1, 2, 0, 1, 4], [3, 5, 0, 1, 1]], [[0, 0, 2, 6, 4], [2, 5, 2, 1, 4], [0, 0, 2, 1, 4], [3, 4, 2, 1, 0], [1, 5, 1, 1, 0]], [[0, 0, 2, 6, 4], [1, 2, 0, 6, 4], [2, 5, 0, 3, 4], [0, 0, 0, 3, 4], [2, 3, 0, 0, 4], [3, 5, 0, 0, 2]], [[0, 0, 2, 6, 4], [1, 2, 0, 6, 4], [2, 5, 0, 3, 4], [0, 0, 0, 3, 4], [3, 4, 0, 3, 0], [2, 5, 0, 2, 0]]])
deque([[[0, 0, 2, 6, 4], [2, 5, 2, 1, 4], [0, 0, 2, 1, 4], [2, 1, 2, 0, 4], [3, 5, 2, 0, 0]], [[0, 0, 2, 6, 4], [2, 5, 2, 1, 4], [0, 0, 2, 1, 4], [3, 4, 2, 1, 0], [2, 5, 2, 0, 0]], [[0, 0, 2, 6, 4], [3, 4, 2, 6, 0], [2, 5, 2, 5, 0], [0, 0, 2, 5, 0], [1, 2, 0, 5, 0]], [[0, 0, 2, 6, 4], [3, 4, 2, 6, 0], [2, 5, 2, 5, 0], [0, 0, 2, 5, 0], [2, 5, 2, 0, 0]], [[0, 0, 2, 6, 4], [1, 2, 0, 6, 4], [3, 5, 0, 6, 1]], [[0, 0, 2, 6, 4], [3, 4, 2, 6, 0], [1, 5, 1, 6, 0]], [[0, 0, 2, 6, 4], [2, 5, 2, 1, 4], [0, 0, 2, 1, 4], [1, 2, 0, 1, 4], [3, 5, 0, 1, 1]], [[0, 0, 2, 6, 4], [2, 5, 2, 1, 4], [0, 0, 2, 1, 4], [3, 4, 2, 1, 0], [1, 5, 1, 1, 0]], [[0, 0, 2, 6, 4], [1, 2, 0, 6, 4], [2, 5, 0, 3, 4], [0, 0, 0, 3, 4], [2, 3, 0, 0, 4], [3, 5, 0, 0, 2]], [[0, 0, 2, 6, 4], [1, 2, 0, 6, 4], [2, 5, 0, 3, 4], [0, 0, 0, 3, 4], [3, 4, 0, 3, 0], [2, 5, 0, 2, 0]], [[0, 0, 2, 6, 4], [2, 5, 2, 1, 4], [0, 0, 2, 1, 4], [2, 1, 2, 0, 4], [1, 3, 0, 0, 4], [3, 5, 0, 0, 2]]])
deque([[[0, 0, 2, 6, 4], [2, 5, 2, 1, 4], [0, 0, 2, 1, 4], [3, 4, 2, 1, 0], [2, 5, 2, 0, 0]], [[0, 0, 2, 6, 4], [3, 4, 2, 6, 0], [2, 5, 2, 5, 0], [0, 0, 2, 5, 0], [1, 2, 0, 5, 0]], [[0, 0, 2, 6, 4], [3, 4, 2, 6, 0], [2, 5, 2, 5, 0], [0, 0, 2, 5, 0], [2, 5, 2, 0, 0]], [[0, 0, 2, 6, 4], [2, 5, 2, 1, 4], [0, 0, 2, 1, 4], [2, 1, 2, 0, 4], [3, 5, 2, 0, 0], [0, 0, 2, 0, 0]], [[0, 0, 2, 6, 4], [1, 2, 0, 6, 4], [3, 5, 0, 6, 1]], [[0, 0, 2, 6, 4], [3, 4, 2, 6, 0], [1, 5, 1, 6, 0]], [[0, 0, 2, 6, 4], [2, 5, 2, 1, 4], [0, 0, 2, 1, 4], [1, 2, 0, 1, 4], [3, 5, 0, 1, 1]], [[0, 0, 2, 6, 4], [2, 5, 2, 1, 4], [0, 0, 2, 1, 4], [3, 4, 2, 1, 0], [1, 5, 1, 1, 0]], [[0, 0, 2, 6, 4], [1, 2, 0, 6, 4], [2, 5, 0, 3, 4], [0, 0, 0, 3, 4], [2, 3, 0, 0, 4], [3, 5, 0, 0, 2]], [[0, 0, 2, 6, 4], [1, 2, 0, 6, 4], [2, 5, 0, 3, 4], [0, 0, 0, 3, 4], [3, 4, 0, 3, 0], [2, 5, 0, 2, 0]], [[0, 0, 2, 6, 4], [2, 5, 2, 1, 4], [0, 0, 2, 1, 4], [2, 1, 2, 0, 4], [1, 3, 0, 0, 4], [3, 5, 0, 0, 2]]])
deque([[[0, 0, 2, 6, 4], [3, 4, 2, 6, 0], [2, 5, 2, 5, 0], [0, 0, 2, 5, 0], [1, 2, 0, 5, 0]], [[0, 0, 2, 6, 4], [3, 4, 2, 6, 0], [2, 5, 2, 5, 0], [0, 0, 2, 5, 0], [2, 5, 2, 0, 0]], [[0, 0, 2, 6, 4], [2, 5, 2, 1, 4], [0, 0, 2, 1, 4], [2, 1, 2, 0, 4], [3, 5, 2, 0, 0], [0, 0, 2, 0, 0]], [[0, 0, 2, 6, 4], [2, 5, 2, 1, 4], [0, 0, 2, 1, 4], [3, 4, 2, 1, 0], [2, 5, 2, 0, 0], [0, 0, 2, 0, 0]], [[0, 0, 2, 6, 4], [1, 2, 0, 6, 4], [3, 5, 0, 6, 1]], [[0, 0, 2, 6, 4], [3, 4, 2, 6, 0], [1, 5, 1, 6, 0]], [[0, 0, 2, 6, 4], [2, 5, 2, 1, 4], [0, 0, 2, 1, 4], [1, 2, 0, 1, 4], [3, 5, 0, 1, 1]], [[0, 0, 2, 6, 4], [2, 5, 2, 1, 4], [0, 0, 2, 1, 4], [3, 4, 2, 1, 0], [1, 5, 1, 1, 0]], [[0, 0, 2, 6, 4], [1, 2, 0, 6, 4], [2, 5, 0, 3, 4], [0, 0, 0, 3, 4], [2, 3, 0, 0, 4], [3, 5, 0, 0, 2]], [[0, 0, 2, 6, 4], [1, 2, 0, 6, 4], [2, 5, 0, 3, 4], [0, 0, 0, 3, 4], [3, 4, 0, 3, 0], [2, 5, 0, 2, 0]], [[0, 0, 2, 6, 4], [2, 5, 2, 1, 4], [0, 0, 2, 1, 4], [2, 1, 2, 0, 4], [1, 3, 0, 0, 4], [3, 5, 0, 0, 2]]])
deque([[[0, 0, 2, 6, 4], [3, 4, 2, 6, 0], [2, 5, 2, 5, 0], [0, 0, 2, 5, 0], [2, 5, 2, 0, 0]], [[0, 0, 2, 6, 4], [2, 5, 2, 1, 4], [0, 0, 2, 1, 4], [2, 1, 2, 0, 4], [3, 5, 2, 0, 0], [0, 0, 2, 0, 0]], [[0, 0, 2, 6, 4], [2, 5, 2, 1, 4], [0, 0, 2, 1, 4], [3, 4, 2, 1, 0], [2, 5, 2, 0, 0], [0, 0, 2, 0, 0]], [[0, 0, 2, 6, 4], [1, 2, 0, 6, 4], [3, 5, 0, 6, 1]], [[0, 0, 2, 6, 4], [3, 4, 2, 6, 0], [1, 5, 1, 6, 0]], [[0, 0, 2, 6, 4], [2, 5, 2, 1, 4], [0, 0, 2, 1, 4], [1, 2, 0, 1, 4], [3, 5, 0, 1, 1]], [[0, 0, 2, 6, 4], [2, 5, 2, 1, 4], [0, 0, 2, 1, 4], [3, 4, 2, 1, 0], [1, 5, 1, 1, 0]], [[0, 0, 2, 6, 4], [1, 2, 0, 6, 4], [2, 5, 0, 3, 4], [0, 0, 0, 3, 4], [2, 3, 0, 0, 4], [3, 5, 0, 0, 2]], [[0, 0, 2, 6, 4], [1, 2, 0, 6, 4], [2, 5, 0, 3, 4], [0, 0, 0, 3, 4], [3, 4, 0, 3, 0], [2, 5, 0, 2, 0]], [[0, 0, 2, 6, 4], [2, 5, 2, 1, 4], [0, 0, 2, 1, 4], [2, 1, 2, 0, 4], [1, 3, 0, 0, 4], [3, 5, 0, 0, 2]], [[0, 0, 2, 6, 4], [3, 4, 2, 6, 0], [2, 5, 2, 5, 0], [0, 0, 2, 5, 0], [1, 2, 0, 5, 0], [2, 5, 0, 2, 0]]])
deque([[[0, 0, 2, 6, 4], [2, 5, 2, 1, 4], [0, 0, 2, 1, 4], [2, 1, 2, 0, 4], [3, 5, 2, 0, 0], [0, 0, 2, 0, 0]], [[0, 0, 2, 6, 4], [2, 5, 2, 1, 4], [0, 0, 2, 1, 4], [3, 4, 2, 1, 0], [2, 5, 2, 0, 0], [0, 0, 2, 0, 0]], [[0, 0, 2, 6, 4], [1, 2, 0, 6, 4], [3, 5, 0, 6, 1]], [[0, 0, 2, 6, 4], [3, 4, 2, 6, 0], [1, 5, 1, 6, 0]], [[0, 0, 2, 6, 4], [2, 5, 2, 1, 4], [0, 0, 2, 1, 4], [1, 2, 0, 1, 4], [3, 5, 0, 1, 1]], [[0, 0, 2, 6, 4], [2, 5, 2, 1, 4], [0, 0, 2, 1, 4], [3, 4, 2, 1, 0], [1, 5, 1, 1, 0]], [[0, 0, 2, 6, 4], [1, 2, 0, 6, 4], [2, 5, 0, 3, 4], [0, 0, 0, 3, 4], [2, 3, 0, 0, 4], [3, 5, 0, 0, 2]], [[0, 0, 2, 6, 4], [1, 2, 0, 6, 4], [2, 5, 0, 3, 4], [0, 0, 0, 3, 4], [3, 4, 0, 3, 0], [2, 5, 0, 2, 0]], [[0, 0, 2, 6, 4], [2, 5, 2, 1, 4], [0, 0, 2, 1, 4], [2, 1, 2, 0, 4], [1, 3, 0, 0, 4], [3, 5, 0, 0, 2]], [[0, 0, 2, 6, 4], [3, 4, 2, 6, 0], [2, 5, 2, 5, 0], [0, 0, 2, 5, 0], [1, 2, 0, 5, 0], [2, 5, 0, 2, 0]]])
deque([[[0, 0, 2, 6, 4], [2, 5, 2, 1, 4], [0, 0, 2, 1, 4], [3, 4, 2, 1, 0], [2, 5, 2, 0, 0], [0, 0, 2, 0, 0]], [[0, 0, 2, 6, 4], [2, 5, 2, 1, 4], [0, 0, 2, 1, 4], [2, 1, 2, 0, 4], [3, 5, 2, 0, 0], [0, 0, 2, 0, 0], [1, 2, 0, 0, 0]], [[0, 0, 2, 6, 4], [1, 2, 0, 6, 4], [3, 5, 0, 6, 1]], [[0, 0, 2, 6, 4], [3, 4, 2, 6, 0], [1, 5, 1, 6, 0]], [[0, 0, 2, 6, 4], [2, 5, 2, 1, 4], [0, 0, 2, 1, 4], [1, 2, 0, 1, 4], [3, 5, 0, 1, 1]], [[0, 0, 2, 6, 4], [2, 5, 2, 1, 4], [0, 0, 2, 1, 4], [3, 4, 2, 1, 0], [1, 5, 1, 1, 0]], [[0, 0, 2, 6, 4], [1, 2, 0, 6, 4], [2, 5, 0, 3, 4], [0, 0, 0, 3, 4], [2, 3, 0, 0, 4], [3, 5, 0, 0, 2]], [[0, 0, 2, 6, 4], [1, 2, 0, 6, 4], [2, 5, 0, 3, 4], [0, 0, 0, 3, 4], [3, 4, 0, 3, 0], [2, 5, 0, 2, 0]], [[0, 0, 2, 6, 4], [2, 5, 2, 1, 4], [0, 0, 2, 1, 4], [2, 1, 2, 0, 4], [1, 3, 0, 0, 4], [3, 5, 0, 0, 2]], [[0, 0, 2, 6, 4], [3, 4, 2, 6, 0], [2, 5, 2, 5, 0], [0, 0, 2, 5, 0], [1, 2, 0, 5, 0], [2, 5, 0, 2, 0]]])
deque([[[0, 0, 2, 6, 4], [2, 5, 2, 1, 4], [0, 0, 2, 1, 4], [2, 1, 2, 0, 4], [3, 5, 2, 0, 0], [0, 0, 2, 0, 0], [1, 2, 0, 0, 0]], [[0, 0, 2, 6, 4], [1, 2, 0, 6, 4], [3, 5, 0, 6, 1]], [[0, 0, 2, 6, 4], [3, 4, 2, 6, 0], [1, 5, 1, 6, 0]], [[0, 0, 2, 6, 4], [2, 5, 2, 1, 4], [0, 0, 2, 1, 4], [1, 2, 0, 1, 4], [3, 5, 0, 1, 1]], [[0, 0, 2, 6, 4], [2, 5, 2, 1, 4], [0, 0, 2, 1, 4], [3, 4, 2, 1, 0], [1, 5, 1, 1, 0]], [[0, 0, 2, 6, 4], [1, 2, 0, 6, 4], [2, 5, 0, 3, 4], [0, 0, 0, 3, 4], [2, 3, 0, 0, 4], [3, 5, 0, 0, 2]], [[0, 0, 2, 6, 4], [1, 2, 0, 6, 4], [2, 5, 0, 3, 4], [0, 0, 0, 3, 4], [3, 4, 0, 3, 0], [2, 5, 0, 2, 0]], [[0, 0, 2, 6, 4], [2, 5, 2, 1, 4], [0, 0, 2, 1, 4], [2, 1, 2, 0, 4], [1, 3, 0, 0, 4], [3, 5, 0, 0, 2]], [[0, 0, 2, 6, 4], [3, 4, 2, 6, 0], [2, 5, 2, 5, 0], [0, 0, 2, 5, 0], [1, 2, 0, 5, 0], [2, 5, 0, 2, 0]]])
deque([[[0, 0, 2, 6, 4], [2, 5, 2, 1, 4], [0, 0, 2, 1, 4], [2, 1, 2, 0, 4], [3, 5, 2, 0, 0], [0, 0, 2, 0, 0], [1, 2, 0, 0, 0], [0, 0, 0, 0, 0]], [[0, 0, 2, 6, 4], [1, 2, 0, 6, 4], [3, 5, 0, 6, 1]], [[0, 0, 2, 6, 4], [3, 4, 2, 6, 0], [1, 5, 1, 6, 0]], [[0, 0, 2, 6, 4], [2, 5, 2, 1, 4], [0, 0, 2, 1, 4], [1, 2, 0, 1, 4], [3, 5, 0, 1, 1]], [[0, 0, 2, 6, 4], [2, 5, 2, 1, 4], [0, 0, 2, 1, 4], [3, 4, 2, 1, 0], [1, 5, 1, 1, 0]], [[0, 0, 2, 6, 4], [1, 2, 0, 6, 4], [2, 5, 0, 3, 4], [0, 0, 0, 3, 4], [2, 3, 0, 0, 4], [3, 5, 0, 0, 2]], [[0, 0, 2, 6, 4], [1, 2, 0, 6, 4], [2, 5, 0, 3, 4], [0, 0, 0, 3, 4], [3, 4, 0, 3, 0], [2, 5, 0, 2, 0]], [[0, 0, 2, 6, 4], [2, 5, 2, 1, 4], [0, 0, 2, 1, 4], [2, 1, 2, 0, 4], [1, 3, 0, 0, 4], [3, 5, 0, 0, 2]], [[0, 0, 2, 6, 4], [3, 4, 2, 6, 0], [2, 5, 2, 5, 0], [0, 0, 2, 5, 0], [1, 2, 0, 5, 0], [2, 5, 0, 2, 0]]])
